29.312439925754 13.687829259655356
21.346030548930457 33.90265813648163
32.3599593754939 16.807872753209335
23.19616599688758 18.5343868866496
22.527347109596626 23.52113836851544
24.37181821537661 24.505902037084155
22.595886019463304 17.03680945374199
28.98051835318254 24.924413904586217
34.69020115815413 32.385143781639314
33.61081672332173 36.922445617093274
29.863202570287342 19.138108135963172
19.440377667707207 26.617276395018894
23.400722495915094 31.13386264222133
25.20901341236592 17.149756704513745
17.313152107300137 29.648474132094588
14.708095345316996 29.161118067356536
35.64508420656553 22.198729323061784
19.88630533969957 22.109830930353958
27.40967968732145 21.696316630676062
18.03743272922752 16.42896169169363
87.65025242520917 88.98181014481574
66.70632432181506 57.729409873045725
71.87063197649864 64.97877329918475
70.58694043821329 84.63253848155381
83.80558364284711 82.36113721923856
92.42570033756635 66.77189296971761
78.77043079012118 103.93817218359102
74.77771718310393 83.91315855499595
58.051575075958 90.11782972447095
67.88333883312727 98.84388800681003
75.25562065846127 57.50505617145687
73.73813381797186 64.86302150734198
63.45533019269644 93.06823678911927
79.00402484916108 81.5005252497613
70.59339375454182 81.28443231298158
85.15529958204567 89.59511184648272
63.83372910396123 65.85092354547899
102.44089344233885 78.80797371015282
75.33389157071251 67.98621915489178
65.77628066655942 60.314042116770544
72.73605270152339 76.92209825009586
85.19053819731882 93.2553397684764
90.86455462584725 80.08647811329298
77.46831216735879 50.69497338078529
71.85262691650401 62.303544575773934
66.04329459477395 66.11789274224229
64.0280543818563 81.97152789472712
93.03422991466974 71.82883295128408
79.05218097944181 94.72063089171618
56.30933133442463 24.214576664100015
68.21948578877885 72.18641249388394
57.03487324404862 88.05215481293914
64.43132719073832 70.67949544277371
85.95236188271257 56.537809536963934
59.47837078024318 88.37554130584292
60.67466752011716 62.05568869848496
71.87948586945706 67.5690973928384
84.13204519604591 63.42037022095639
82.48432348563513 82.878851668856
74.40874448335654 84.58856597266572
81.31800047056186 70.20103949089584
84.96113365337501 66.2856183505621
82.16451146532475 27.862318651746364
71.97794995153464 93.94364179931522
71.81944105007899 38.84783355734508
67.76433165760581 56.00780315016574
58.12650523989089 61.651486446148525
95.30708865385067 73.71033874976267
68.27635021540371 57.07915965298389
74.35161068677857 56.984452157031015
66.28059082446615 -2.5560038853075504
43.13486212701265 10.713306158303102
48.47820727443009 7.438269755747153
56.15331567437458 -1.6315214332121535
53.07959183123422 31.813405068993482
35.668345298842766 -5.3295951647635285
31.5295073351215 19.700521026398384
41.894708748258836 4.002889615057211
52.95605466903113 3.004277430796659
49.072232672567694 14.920704949917734
58.091189494206944 16.172439013357014
28.540171194393487 2.5673923042533433
44.28522083338629 38.2736563821372
44.64456591031434 0.9858924775628832
29.868770412743004 17.10464763571924
52.37920497845635 12.162581210959555
56.178375147738926 12.39863647374686
50.66850512984989 5.8362790429488545
58.822325678352215 31.79002217557685
55.14369049276576 -3.94558420929706
44.62768461160637 1.2935879990599393
50.12428623181765 24.130109165323052
40.589231875522735 -3.2177849339468274
46.66345567335357 2.681406082001007
45.792735067214586 23.848941274707453
55.7081147113676 0.7177974330411345
45.90820387558622 13.94449546940379
33.10348189099364 14.874027134740864
20.57270458815504 0.8103256806279333
40.25725297246033 6.608155486169629
63.00012149162883 21.969021799643617
53.376324148003306 13.501237852318546
65.47406854353929 20.689704328670103
55.49700825354275 4.6698440324285215
48.31682222869651 7.334179544967846
57.474383811199665 10.677321314234423
48.218845856224895 2.0397090713916928
65.41361273382714 10.78889542414021
32.21164635097729 15.965233916074329
52.12057953476733 1.80170226556106
56.982553336559164 24.494434845519834
71.30938136297192 120.43600038163122
90.0715838808195 61.45147773445604
33.443011774458206 36.914004995359186
44.75655862244665 38.881747097877806
28.910654874988715 56.615337751976625
60.42938494080949 13.016843145911874
30.500137470372817 65.55295235205398
16.84310584373198 64.46927501783111
31.67689130264907 84.218835539937
